15 10 
-1.172384 -2.189504 -0.844388 -1.781340 -1.964056 -2.282709 -1.902204 -1.511440 -1.895962 -2.200787 
-2.144475 -3.132700 -1.785937 -2.413321 -2.217466 -3.132930 -2.540136 -2.472887 -2.197345 -2.348383 
-2.503205 -2.758446 -1.862939 -2.886699 -2.009776 -3.496379 -2.280208 -2.113816 -1.973204 -2.419126 
-2.212650 -2.392660 -1.692441 -1.839587 -1.353885 -2.644997 -2.303434 -2.010608 -1.723356 -1.811688 
-2.122534 -2.995574 -1.860407 -2.520982 -2.407611 -3.366167 -2.914907 -2.666784 -2.229388 -2.432466 
-1.489410 -2.303347 -1.033939 -1.724933 -1.479201 -1.740941 -1.795389 -2.008625 -1.520143 -1.215599 
-2.117591 -3.311638 -1.933784 -2.411069 -2.136270 -3.185451 -2.844275 -2.601819 -2.349280 -2.176263 
-2.821272 -4.011095 -2.297250 -3.438751 -3.100352 -4.043136 -2.908610 -2.988115 -2.831022 -3.220725 
-1.680600 -3.552566 -1.520901 -2.396592 -2.280192 -3.067285 -2.772213 -2.342560 -2.653891 -2.332393 
-1.836520 -1.912395 -1.546936 -2.066210 -1.301534 -2.061308 -1.682323 -1.777119 -1.136173 -1.222362 
-2.328429 -3.228886 -2.177790 -2.770781 -1.862309 -2.874699 -2.244308 -2.451906 -1.803398 -1.523851 
-2.499710 -3.302391 -1.804745 -2.343668 -2.179342 -3.311760 -2.312553 -2.579935 -2.116519 -2.413231 
-1.697132 -2.734792 -1.324929 -1.893776 -2.297419 -2.629331 -1.769189 -2.240463 -1.789718 -2.215738 
-2.122531 -3.251544 -1.864210 -2.844347 -2.117413 -3.437198 -2.609531 -2.528748 -1.988899 -2.121474 
-2.127957 -3.512202 -1.649941 -2.336787 -2.402912 -3.022986 -2.465028 -2.611464 -2.470047 -2.426624 