15 15 
11.836589 16.714114 9.532878 13.878339 12.241269 17.245488 13.478689 13.160029 11.753874 12.813786 17.394348 13.751009 15.697553 17.013722 11.407646 
12.629184 18.781715 10.171393 14.717868 13.168657 18.557432 14.920962 14.463327 13.123246 13.813573 18.679428 15.654867 16.983083 17.732037 12.555727 
17.567609 24.481139 14.393500 19.576662 16.916891 24.420108 19.062037 19.441477 16.356011 17.347287 24.579095 20.163049 22.761008 24.414061 15.813171 
18.947083 27.903615 15.779894 22.231987 19.214361 27.434067 22.413537 21.737603 19.198929 19.652089 27.911999 22.803675 25.316563 26.921620 18.718075 
18.977861 28.708019 15.806304 22.290500 20.132763 28.113138 22.999182 22.326853 20.058374 20.664312 28.618677 23.105897 25.971554 27.654001 18.831300 
15.144774 21.474143 12.584791 17.914195 14.946194 21.855832 17.442612 16.918768 14.725086 15.368530 22.092908 17.601821 19.642073 21.721185 14.733101 
12.349481 16.816042 9.943654 13.864522 11.556203 17.048954 13.770950 13.618592 11.463357 11.950088 17.233064 14.073564 15.476791 17.144268 11.294674 
16.123760 23.194697 13.191084 18.415843 15.793533 22.863833 18.148378 18.149979 15.583507 16.196138 23.051524 19.174641 21.074592 22.441037 15.197338 
14.818662 21.262652 11.913104 17.763460 15.560836 21.593209 16.627837 16.510818 14.794825 16.137810 21.669240 17.527357 19.399274 21.129454 14.706862 
10.250970 16.234657 8.360264 12.569199 11.423906 15.398130 13.087323 12.488749 11.575957 11.593718 15.861167 13.084228 14.125721 14.934587 11.000717 
16.230280 23.590727 13.490547 19.042761 16.674981 23.663216 18.527211 18.511115 16.011521 16.997911 23.926570 19.078202 21.692317 23.429567 15.591861 
20.320255 30.406199 16.471146 23.500422 21.103359 29.696910 23.978604 23.469401 21.165326 21.939813 29.976633 24.930186 27.299440 28.895501 19.833557 
16.786320 24.161878 13.389961 19.583561 17.514595 24.464191 19.159487 18.921805 16.921421 18.277380 24.656350 19.841200 22.296510 24.058461 16.158936 
13.478516 18.976968 10.877706 15.309280 13.086134 19.310502 15.169435 14.874085 13.005562 13.801929 19.291990 15.875110 17.438764 18.896744 12.563162 
12.653006 18.840523 10.157307 14.832676 13.683869 18.682194 15.005006 14.866132 13.214649 14.056785 19.033435 15.256941 17.232203 18.384030 12.398272 