15 10
0.979748 0.085516 0.624060 0.106762 0.609867 0.059619 0.453798 0.291984 0.422836 0.032601 
0.438870 0.262482 0.679136 0.653757 0.617666 0.681972 0.432392 0.431651 0.547871 0.561200 
0.111119 0.801015 0.395515 0.494174 0.859442 0.042431 0.825314 0.015487 0.942737 0.881867 
0.258065 0.029220 0.367437 0.779052 0.805489 0.071445 0.083470 0.984064 0.417744 0.669175 
0.408720 0.928854 0.987982 0.715037 0.576722 0.521650 0.133171 0.167168 0.983052 0.190433 
0.594896 0.730331 0.037739 0.903721 0.182922 0.096730 0.173389 0.106216 0.301455 0.368917 
0.262212 0.488609 0.885168 0.890923 0.239932 0.818149 0.390938 0.372410 0.701099 0.460726 
0.602843 0.578525 0.913287 0.334163 0.886512 0.817547 0.831380 0.198118 0.666339 0.981638 
0.711216 0.237284 0.796184 0.698746 0.028674 0.722440 0.803364 0.489688 0.539126 0.156405 
0.221747 0.458849 0.098712 0.197810 0.489901 0.149865 0.060471 0.339493 0.698106 0.855523 
0.117418 0.963089 0.261871 0.030541 0.167927 0.659605 0.399258 0.951630 0.666528 0.644765 
0.296676 0.546806 0.335357 0.744074 0.978681 0.518595 0.526876 0.920332 0.178132 0.376272 
0.318778 0.521136 0.679728 0.500022 0.712694 0.972975 0.416799 0.052677 0.128014 0.190924 
0.424167 0.231594 0.136553 0.479922 0.500472 0.648991 0.656860 0.737858 0.999080 0.428253 
0.507858 0.488898 0.721227 0.904722 0.471088 0.800331 0.627973 0.269119 0.171121 0.482022 
