15 15 
17.894514 16.745622 12.074515 13.450211 15.376373 14.747620 10.493391 14.047003 14.039645 10.979168 12.036114 11.845077 13.545008 17.272421 11.173644 
24.043207 22.960542 17.073145 19.110494 20.922452 19.724721 14.478505 19.143159 18.661407 15.161820 17.288629 17.466474 18.941566 23.776009 14.843582 
23.963440 23.150621 17.444140 19.205347 21.550139 19.681919 14.598458 19.317585 18.738618 15.157041 17.756525 17.371472 18.803165 23.977915 14.690952 
19.715602 18.565401 14.579090 15.937537 17.189350 16.335323 11.828171 15.735036 14.942415 12.500259 14.335055 14.612389 15.749414 19.421111 12.128776 
24.694621 24.180690 18.346794 20.038105 22.267994 20.720056 15.273731 20.091943 19.198397 15.788144 18.468030 18.206500 19.926923 25.047677 15.211429 
16.163662 15.121008 11.123907 12.957299 13.570423 13.023850 9.702622 12.534993 12.308889 10.053692 11.580221 11.888272 12.715063 15.875817 9.822671 
24.451230 23.546689 17.872942 19.706236 21.421014 20.177865 14.799684 19.624466 18.862927 15.721894 17.890956 18.208901 19.589486 24.436762 14.992353 
31.514347 30.033197 21.873155 24.677475 27.422238 25.560290 18.893366 25.086647 24.455820 19.550461 22.456592 22.491766 24.429932 30.920644 19.413996 
24.496579 23.094693 17.086836 19.017383 20.870310 19.967326 14.367826 19.317127 19.071488 15.592995 16.974408 17.465750 19.054447 23.968220 15.060870 
16.221317 15.517535 11.576826 13.432699 14.629065 13.285907 10.127646 13.097239 12.306437 10.248700 12.385165 12.390007 13.004657 16.347016 10.127437 
23.124914 22.137029 16.583354 18.917869 20.580071 18.615414 14.089426 18.870835 17.571684 14.683310 17.358955 17.962120 18.540976 23.208614 14.170698 
24.830492 23.626455 17.764655 19.690280 21.390719 20.148219 14.766937 19.790771 19.317532 15.423895 17.748877 18.111468 19.495857 24.402593 15.093516 
20.352270 19.729563 14.200081 15.968793 17.539498 16.528668 12.258143 16.206201 16.095611 12.529961 14.496822 14.550713 15.903656 20.097155 12.432007 
24.507283 23.568339 17.344927 19.887753 21.902162 20.163196 15.007602 19.681438 19.397136 15.788732 18.107029 18.245658 19.444109 24.756826 15.382008 
24.910779 23.559960 17.357061 19.436821 20.985154 20.102286 14.681701 19.561656 19.273922 15.488360 17.396996 17.853639 19.374334 24.235276 15.124142 