10 15
0.120612 0.982663 0.022513 0.699888 0.968649 0.281005 0.676122 0.780520 0.770160 0.607389 0.576209 0.709282 0.416159 0.119215 0.993705 
0.589507 0.730249 0.425259 0.638531 0.531334 0.440085 0.289065 0.675332 0.322472 0.191745 0.683363 0.236231 0.841929 0.939829 0.218677 
0.226188 0.343877 0.312719 0.033604 0.325146 0.527143 0.671808 0.006715 0.784739 0.738427 0.546593 0.119396 0.832917 0.645552 0.105798 
0.384619 0.584069 0.161485 0.068806 0.105629 0.457424 0.695140 0.602170 0.471357 0.242850 0.425729 0.607304 0.256441 0.479463 0.109697 
0.582986 0.107769 0.178766 0.319600 0.610959 0.875372 0.067993 0.386771 0.035763 0.917424 0.644443 0.450138 0.613461 0.639317 0.063591 
0.251806 0.906308 0.422886 0.530864 0.778802 0.518052 0.254790 0.915991 0.175874 0.269062 0.647618 0.458725 0.582249 0.544716 0.404580 
0.290441 0.879654 0.094229 0.654446 0.423453 0.943623 0.224040 0.001151 0.721758 0.765500 0.679017 0.661945 0.540739 0.647311 0.448373 
0.617091 0.817761 0.598524 0.407619 0.090823 0.637709 0.667833 0.462449 0.473486 0.188662 0.635787 0.770286 0.869941 0.543886 0.365816 
0.265281 0.260728 0.470924 0.819981 0.266471 0.957694 0.844392 0.424349 0.152721 0.287498 0.945174 0.350218 0.264779 0.721047 0.763505 
0.824376 0.594356 0.695949 0.718359 0.153657 0.240707 0.344462 0.460916 0.341125 0.091113 0.208935 0.662010 0.318074 0.522495 0.627896 
