10 10 
29.855882 30.588214 35.324509 36.926444 35.656534 33.346234 30.099062 27.919822 36.767760 30.208237 
25.030319 27.684481 30.678594 31.914506 32.265845 29.144492 26.535684 25.087549 32.915080 27.362375 
19.354746 21.423183 23.341227 24.300757 24.568862 21.552169 20.357217 17.596400 25.326353 21.103295 
17.744422 19.509750 21.233106 22.796906 22.817808 20.159829 18.794987 17.595958 23.207947 19.542730 
21.308078 23.084028 26.052154 27.020745 26.004847 24.441841 22.229277 20.234351 27.765182 22.512524 
25.531627 27.483974 31.104591 32.629658 32.030122 29.927708 26.692780 25.721477 32.871406 27.251907 
26.601766 27.716775 31.669381 32.673563 32.152959 29.477866 27.384349 24.573044 33.724731 27.529871 
26.190732 29.059950 31.780347 33.432989 33.967691 30.004872 27.707002 25.791876 34.192732 28.761477 
24.393852 28.143120 30.268930 32.081817 31.436953 28.984036 25.883837 24.804240 33.253234 27.383640 
22.146644 24.203617 26.846061 28.137659 28.452442 25.428409 23.077606 22.181430 28.454902 23.949631 